  0.72177401572465893       -1.7227910326074791       0.99931491719061838     
  0.72254801571369165       -3.3909801520781295       0.99733527933769073     
  0.72332201570272436       -5.0486790554715562       0.99406838692494004     
  0.72409601569175708       -6.6937941634941689       0.98952317140515467     
  0.72487001568078979       -8.3242612153295390       0.98371017347517764     
  0.72564401566982251       -9.9380477183436184       0.97664151943141264     
  0.72641801565885522       -11.533155335163869       0.96833089565333241     
  0.72719201564788793       -13.107622205674668       0.95879352126441997     
  0.72796601563692065       -14.659525201583453       0.94804611902183367     
  0.72874001562595336       -16.186982111325861       0.93610688448785584     
  0.72951401561498608       -17.688153753193284       0.92299545353787071     
  0.73028801560401879       -19.161246014682792       0.90873286826120792     
  0.73106201559305151       -20.604511816186925       0.89334154131269217     
  0.73183601558208422       -22.016252997259460       0.87684521877415056     
  0.73261001557111693       -23.394822123812581       0.85926894158644684     
  0.73338401556014965       -24.738624214720765       0.84063900561384108     
  0.73415801554918236       -26.046118386427231       0.82098292040360354     
  0.73493201553821508       -27.315819414269356       0.80032936670485433     
  0.73570601552724779       -28.546299209360399       0.77870815281154604     
  0.73648001551628051       -29.736188209985610       0.75615016979535910     
  0.73725401550531322       -30.884176686591506       0.73268734569504113     
  0.73802801549434593       -31.989015959567332       0.70835259872938527     
  0.73880201548337865       -33.049519529137605       0.68317978960161974     
  0.73957601547241136       -34.064564116803773       0.65720367296345783     
  0.74035001546144408       -35.033090617891588       0.63045984810744948     
  0.74112401545047679       -35.954104964878141       0.60298470895657252     
  0.74189801543950951       -36.826678901289164       0.57481539342020804     
  0.74267201542854222       -37.649950666072385       0.54598973218576285     
  0.74344601541757493       -38.423125588466824       0.51654619701522975     
  0.74422001540660765       -39.145476593500341       0.48652384861591808     
  0.74499401539564036       -39.816344618358968       0.45596228415444090     
  0.74576801538467308       -40.435138939980675       0.42490158448281506     
  0.74654201537370579       -41.001337414333889       0.39338226114521424     
  0.74731601536273851       -41.514486627946702       0.36144520323351981     
  0.74809001535177122       -41.974201962356290       0.32913162415933411     
  0.74886401534080393       -42.380167572249682       0.29648300840956432     
  0.74963801532983665       -42.732136278166209       0.26354105835204944     
  0.75041201531886936       -43.029929374729036       0.23034764115699097     
  0.75118601530790208       -43.273436355467787       0.19694473589916356     
  0.75196001529693479       -43.462614555386381       0.16337438090502251     
  0.75273401528596751       -43.597488712519763       0.12967862140789826     
  0.75350801527500022       -43.678150449810147        9.5899457573470820E-002
  0.75428201526403293       -43.704757678717563        6.2078792956654777E-002
  0.75505601525306565       -43.677533926061031        2.8258383449898491E-002
  0.75583001524209836       -43.596767585665091       -5.5202132182874605E-003
  0.75660401523113108       -43.462811096462303       -3.9215687377005821E-002
  0.75737801522016379       -43.276080048774901       -7.2787026642591540E-002
  0.75815201520919651       -43.037052220568533      -0.10619356442927393     
  0.75892601519822922       -42.746266545537743      -0.13939502768739626     
  0.75970001518726193       -42.404322014946317      -0.17235158381717056     
  0.76047401517629465       -42.011876515206090      -0.20502388670745780     
  0.76124801516532736       -41.569645603235053      -0.23737312185062134     
  0.76202201515436008       -41.078401221689674      -0.26936105048610215     
  0.76279601514339279       -40.538970356217213      -0.30095005272700542     
  0.76357001513242551       -39.952233636921292      -0.33210316962566844     
  0.76434401512145822       -39.319123886278582      -0.36278414413589355     
  0.76511801511049093       -38.640624615785249      -0.39295746093127865     
  0.76589201509952365       -37.917768473649893      -0.42258838504085683     
  0.76666601508855636       -37.151635645884042      -0.45164299926506246     
  0.76744001507758908       -36.343352213172686      -0.48008824033687347     
  0.76821401506662179       -35.494088465935228      -0.50789193379483499     
  0.76898801505565451       -34.605057180012004      -0.53502282753654429     
  0.76976201504468722       -33.677511855433067      -0.56145062402307144     
  0.77053601503371993       -32.712744920744065      -0.58714601110669662     
  0.77131001502275265       -31.712085905379240      -0.61208069145626964     
  0.77208401501178536       -30.676899582583360      -0.63622741055642684     
  0.77285801500081808       -29.608584085393069      -0.65955998325884102     
  0.77363201498985079       -28.508568998193837      -0.68205331886562670     
  0.77440601497888351       -27.378313426371079      -0.70368344472697064     
  0.77518001496791622       -26.219304046573463      -0.72442752833700641     
  0.77595401495694893       -25.033053140102886      -0.74426389791390135     
  0.77672801494598165       -23.821096611938998      -0.76317206145206595     
  0.77750201493501436       -22.584991997896676      -0.78113272423633562     
  0.77827601492404708       -21.326316462402552      -0.79812780480990153     
  0.77905001491307979       -20.046664789361401      -0.81414044938968744     
  0.77982401490211251       -18.747647368565413      -0.82915504472477508     
  0.78059801489114522       -17.430888180078540      -0.84315722939537019     
  0.78137201488017793       -16.098022779004957      -0.85613390355167651     
  0.78214601486921065       -14.750696283024650      -0.86807323709389805     
  0.78292001485824336       -13.390561365050813      -0.87896467629642583     
  0.78369401484727608       -12.019276253332801      -0.88879894888107391     
  0.78446801483630879       -10.638502741295154      -0.89756806754601592     
  0.78524201482534151       -9.2499042093675605      -0.90526533195883385     
  0.78601601481437422       -7.8551436610228702      -0.91188532922381993     
  0.78679001480340693       -6.4558817752001705      -0.91742393283537371     
  0.78756401479243965       -5.0537749772478993      -0.92187830013100547     
  0.78833801478147236       -3.6504735304777962      -0.92524686825909341     
  0.78911201477050508       -2.2476196503744195      -0.92752934867813974     
  0.78988601475953779      -0.84684564345703595      -0.92872672020583935     
  0.79066001474857051       0.55022792725905045      -0.92884122063779717     
  0.79143401473760322        1.9419940483060940      -0.92787633695721949     
  0.79220801472663593        3.3268610314698330      -0.92583679415835152     
  0.79298201471566865        4.7032542573697418      -0.92272854270783744     
  0.79375601470470136        6.0696178851816507      -0.91855874466954235     
  0.79453001469373408        7.4244165268281863      -0.91333575851969406     
  0.79530401468276679        8.7661368840211864      -0.90706912268047513     
  0.79607801467179951        10.093289346600143      -0.89976953780142443     
  0.79685201466083222        11.404409550671740      -0.89144884781918732     
  0.79762601464986493        12.698059895117623      -0.88212001982728649     
  0.79840001463889765        13.972831015100489      -0.87179712278867183     
  0.79917401462793036        15.227343211262500      -0.86049530512484085     
  0.79994801461696308        16.460247833374595      -0.84823077121630963     
  0.80072201460599579        17.670228617260651      -0.83502075685014787     
  0.80149601459502851        18.856002973886326      -0.82088350365117735     
  0.80227001458406122        20.016323229568922      -0.80583823253426690     
  0.80304401457309393        21.149977816331450      -0.78990511621593829     
  0.80381801456212665        22.255792411491367      -0.77310525082422732     
  0.80459201455115936        23.332631025641970      -0.75546062664642388     
  0.80536601454019208        24.379397038252144      -0.73699409805493776     
  0.80614001452922479        25.395034180178005      -0.71772935265211235     
  0.80691401451825751        26.378527462447863      -0.69769087967532728     
  0.80768801450729022        27.328904050749728      -0.67690393770420054     
  0.80846201449632293        28.245234085118330      -0.65539452171211399     
  0.80923601448535565        29.126631444386078      -0.63318932950465212     
  0.81001001447438836        29.972254455029692      -0.61031572758785313     
  0.81078401446342108        30.781306544111093      -0.58680171650943036     
  0.81155801445245379        31.553036836077620      -0.56267589571633170     
  0.81233201444148651        32.286740693252675      -0.53796742797215791     
  0.81310601443051922        32.981760199913275      -0.51270600337806904     
  0.81388001441955193        33.637484589915864      -0.48692180304086097     
  0.81465401440858465        34.253350617895869      -0.46064546243190013     
  0.81542801439761736        34.828842874129776      -0.43390803448056037     
  0.81620201438665008        35.363494043211205      -0.40674095244571223     
  0.81697601437568279        35.856885106753985      -0.37917599260867418     
  0.81775001436471551        36.308645490396181      -0.35124523683084674     
  0.81852401435374822        36.718453155438567      -0.32298103501901554     
  0.81929801434278093        37.086034635509947      -0.29441596754102778     
  0.82007201433181365        37.411165018709220      -0.26558280763422132     
  0.82084601432084636        37.693667875730647      -0.23651448384861454     
  0.82162001430987908        37.933415134533909      -0.20724404256645249     
  0.82239401429891179        38.130326902174787      -0.17780461063924874     
  0.82316801428794451        38.284371234464764      -0.14822935818296509     
  0.82394201427697722        38.395563854179478      -0.11855146157143456     
  0.82471601426600993        38.463967818585822       -8.8804066667555887E-002
  0.82549001425504265        38.489693137106173       -5.9020252331173272E-002
  0.82626401424407536        38.472896339985354       -2.9232994241903270E-002
  0.82703801423310808        38.413779998871640        5.2487092551702086E-004
  0.82781201422214079        38.312592200267176        3.0220680936508992E-002
  0.82858601421117350        38.169625972845935        5.9821983006463207E-002
  0.82936001420020622        37.985218669678225        8.9296568349774688E-002
  0.83013401418923893        37.759751306440236       0.11861250623361545     
  0.83090801417827165        37.493647856724934       0.14773817750280624     
  0.83168201416730436        37.187374505606705       0.17664230754302762     
  0.83245601415633708        36.841438862646655       0.20529399865051617     
  0.83323001414536979        36.456389135558283       0.23366276177732251     
  0.83400401413440250        36.032813265784284       0.26171854762216457     
  0.83477801412343522        35.571338027264659       0.28943177703788892     
  0.83555201411246793        35.072628089703862       0.31677337072755457     
  0.83632601410150065        34.537385047670796       0.34371477820217611     
  0.83710001409053336        33.966346416889401       0.37022800597420447     
  0.83787401407956608        33.360284599100225       0.39628564496188406     
  0.83864801406859879        32.720005816893817       0.42186089708070096     
  0.83942201405763150        32.046349019935846       0.44692760099922835     
  0.84019601404666422        31.340184764020925       0.47146025703778199     
  0.84097001403569693        30.602414064407530       0.49543405118941602     
  0.84174401402472965        29.833967224900036       0.51882487824391876     
  0.84251801401376236        29.035802644155893       0.54160936399660919     
  0.84329201400279508        28.208905600706014       0.56376488652488022     
  0.84406601399182779        27.354287018185008       0.58526959651659272     
  0.84484001398086050        26.472982212274580       0.60610243663558350     
  0.84561401396989322        25.566049620868487       0.62624315991071655     
  0.84638801395892593        24.634569518970807       0.64567234713607646     
  0.84716201394795865        23.679642719840935       0.66437142327107324     
  0.84793601393699136        22.702389263898826       0.68232267283039827     
  0.84871001392602408        21.703947096902372       0.69950925425494459     
  0.84948401391505679        20.685470738905625       0.71591521325597085     
  0.85025801390408950        19.648129945501807       0.73152549512595699     
  0.85103201389312222        18.593108362848714       0.74632595601075891     
  0.85180601388215493        17.521602177966223       0.76030337313882768     
  0.85258001387118765        16.434818765786257       0.77344545400440690     
  0.85335401386022036        15.333975334424665       0.78574084450276438     
  0.85412801384925308        14.220297570132187       0.79717913601664647     
  0.85490201383828579        13.095018283367933       0.80775087145426627     
  0.85567601382731850        11.959376057423631       0.81744755024024796     
  0.85645001381635122        10.814613901010480       0.82626163226204996     
  0.85722401380538393        9.6619779062025746       0.83418654077547361     
  0.85799801379441665        8.5027159131117980       0.84121666427393704     
  0.85877201378344936        7.3380761826487184       0.84734735732725042     
  0.85954601377248208        6.1693060787024434       0.85257494039666770     
  0.86032001376151479        4.9976507610496448       0.85689669863401408     
  0.86109401375054750        3.8243518902790643       0.86031087967369302     
  0.86186801373958022        2.6506463459928118       0.86281669042736242     
  0.86264201372861293        1.4777649595197100       0.86441429289203586     
  0.86341601371764565       0.30693126234884605       0.86510479898331083     
  0.86419001370667836      -0.86063974853657932       0.86489026440634942     
  0.86496401369571108       -2.0237428272740230       0.86377368157814072     
  0.86573801368474379       -3.1811836765638306       0.86175897161545101     
  0.86651201367377650       -4.3317801248485370       0.85885097540372668     
  0.86728601366280922       -5.4743632821704304       0.85505544376304476     
  0.86806001365184193       -6.6077786736809516       0.85037902672801247     
  0.86883401364087465       -7.7308873498085795       0.84482926195930175     
  0.86960801362990736       -8.8425669721256455       0.83841456230525679     
  0.87038201361894008       -9.9417128739889460       0.83114420253274512     
  0.87115601360797279       -11.027239095064042       0.82302830524712345     
  0.87193001359700550       -12.098079388878737       0.81407782602186540     
  0.87270401358603822       -13.153188202587309       0.80430453775904576     
  0.87347801357507093       -14.191541628163634       0.79372101430249498     
  0.87425201356410365       -15.212138324278371       0.78234061332602900     
  0.87502601355313636       -16.214000408152714       0.77017745851971986     
  0.87580001354216908       -17.196174316718960       0.75724642109770901     
  0.87657401353120179       -18.157731636456170       0.74356310065156461     
  0.87734801352023450       -19.097769901307441       0.72914380537366186     
  0.87812201350926722       -20.015413358123823       0.71400553167550795     
  0.87889601349829993       -20.909813699118526       0.69816594322634851     
  0.87967001348733265       -21.780150760853900       0.68164334943777627     
  0.88044401347636536       -22.625633189322489       0.66445668342041908     
  0.88121801346539808       -23.445499070722398       0.64662547943910664     
  0.88199201345443079       -24.239016527566108       0.62816984989321067     
  0.88276601344346350       -25.005484279800790       0.60911046184911866     
  0.88354001343249622       -25.744232170656932       0.58946851315203297     
  0.88431401342152893       -26.454621656980834       0.56926570814449362     
  0.88508801341056165       -27.136046263845014       0.54852423301919606     
  0.88586201339959436       -27.787932003268978       0.52726673083382036     
  0.88663601338862708       -28.409737756920858       0.50551627621570261     
  0.88741001337765979       -29.000955622708382       0.48329634978426544     
  0.88818401336669250       -29.561111225205082       0.46063081231918063     
  0.88895801335572522       -30.089763989894983       0.43754387870226419     
  0.88973201334475793       -30.586507381255810       0.41406009166110302     
  0.89050601333379065       -31.050969104737238       0.39020429534238277     
  0.89128001332282336       -31.482811272726707       0.36600160874282800     
  0.89205401331185608       -31.881730534630940       0.34147739902558200     
  0.89282801330088879       -32.247458171236289       0.31665725474973883     
  0.89360201328992150       -32.579760153545664       0.29156695904060204     
  0.89437601327895422       -32.878437166323650       0.26623246272807755     
  0.89515001326798693       -33.143324596615024       0.24067985748041609     
  0.89592401325701965       -33.374292487534412       0.21493534896030253     
  0.89669801324605236       -33.571245457657248       0.18902523003004665     
  0.89747201323508508       -33.734122586373452       0.16297585403236217     
  0.89824601322411779       -33.862897265596239       0.13681360817292873     
  0.89902001321315050       -33.957577018248450       0.11056488703061665     
  0.89979401320218322       -34.018203283978202        8.4256066220915443E-002
  0.90056801319121593       -34.044851172584302        5.7913476237746842E-002
  0.90134201318024865       -34.037629185659625        3.1563376498459667E-002
  0.90211601316928136       -33.996678906987832        5.2319296164006490E-003
  0.90289001315831408       -33.922174662254896       -2.1054824074969610E-002
  0.90366401314734679       -33.814323148662432       -4.7270991722890773E-002
  0.90443801313637950       -33.673363035054372       -7.3390852857986050E-002
  0.90521201312541222       -33.499564533192206       -9.9388883976236311E-002
  0.90598601311444493       -33.293228940836862      -0.12523978277816727     
  0.90676001310347765       -33.054688157317237      -0.15091849204368984     
  0.90753401309251036       -32.784304172286546      -0.17640022312156828     
  0.90830801308154308       -32.482468528387635      -0.20166047901304146     
  0.90908201307057579       -32.149601758567776      -0.22667507702968812     
  0.90985601305960850       -31.786152798801727      -0.25142017100620712     
  0.91063001304864122       -31.392598376999143      -0.27587227304937822     
  0.91140401303767393       -30.969442378889003      -0.30000827480507569     
  0.91217801302670665       -30.517215191689001      -0.32380546822582656     
  0.91295201301573936       -30.036473026382566      -0.34724156582203680     
  0.91372601300477208       -29.527797219439631      -0.37029472038064998     
  0.91450001299380479       -28.991793514829922      -0.39294354413565641     
  0.91527401298283750       -28.429091327189209      -0.41516712737553041     
  0.91604801297187022       -27.840342987009638      -0.43694505647334542     
  0.91682201296090293       -27.226222968734994      -0.45825743132599339     
  0.91759601294993565       -26.587427102650533      -0.47908488218962081     
  0.91837001293896836       -25.924671771464816      -0.49940858589908504     
  0.91914401292800108       -25.238693092487875      -0.51921028145993264     
  0.91991801291703379       -24.530246086315920      -0.53847228500210209     
  0.92069201290606650       -23.800103832937751      -0.55717750408526245     
  0.92146601289509922       -23.049056616182103      -0.57530945134640599     
  0.92224001288413193       -22.277911057428213      -0.59285225748102888     
  0.92301401287316465       -21.487489239504061      -0.60979068354994681     
  0.92378801286219736       -20.678627821697980      -0.62611013260450910     
  0.92456201285123008       -19.852177146809673      -0.64179666062369090     
  0.92533601284026279       -19.009000341166100      -0.65683698675726110     
  0.92611001282929550       -18.149972408526228      -0.67121850286993778     
  0.92688401281832822       -17.275979318796324      -0.68492928238215833     
  0.92765801280736093       -16.387917092474265      -0.69795808840380336     
  0.92843201279639365       -15.486690881737228      -0.71029438115792243     
  0.92920601278542636       -14.573214049082326      -0.72192832469221624     
  0.92998001277445907       -13.648407244423906      -0.73285079287673172     
  0.93075401276349179       -12.713197481544794      -0.74305337468692190     
  0.93152801275252450       -11.768517214791366      -0.75252837877191725     
  0.93230201274155722       -10.815303416894221      -0.76126883730853745     
  0.93307601273058993       -9.8544966587873688      -0.76926850914225386     
  0.93385001271962265       -8.8870401922891755      -0.77652188221698448     
  0.93462401270865536       -7.9138790364979705      -0.78302417529626644     
  0.93539801269768807       -6.9359590687441290      -0.78877133897900875     
  0.93617201268672079       -5.9542261209286735      -0.79376005601367261     
  0.93694601267575350       -4.9696250820659778      -0.79798774091536728     
  0.93772001266478622       -3.9830990078350621      -0.80145253889097434     
  0.93849401265381893       -2.9955882379302117      -0.80415332407803275     
  0.93926801264285165       -2.0080295219872926      -0.80608969710372236     
  0.94004201263188436       -1.0213551548471704      -0.80726198197087928     
  0.94081601262091707       -3.6492121902114705E-002 -0.80767122227855970     
  0.94159001260994979       0.94563874474504050      -0.80731917678523979     
  0.94236401259898250        1.9241235985958229      -0.80620831432329787     
  0.94313801258801522        2.8980563988491252      -0.80434180807397049     
  0.94391201257704793        3.8665397175939069      -0.80172352921250556     
  0.94468601256608065        4.8286855334413143      -0.79835803993375476     
  0.94546001255511336        5.7836160109544945      -0.79425058586894948     
  0.94623401254414607        6.7304642652533406      -0.78940708790489644     
  0.94700801253317879        7.6683751111907892      -0.78383413341730179     
  0.94778201252221150        8.5965057965170502      -0.77753896693039204     
  0.94855601251124422        9.5140267184682425      -0.77052948021544498     
  0.94933001250027693        10.420122123236384      -0.76281420184127202     
  0.95010401248930965        11.313990787798407      -0.75440228619010452     
  0.95087801247834236        12.194846683602961      -0.74530350195273354     
  0.95165201246737507        13.061919621635033      -0.73552822011713326     
  0.95242601245640779        13.914455878399998      -0.72508740146515904     
  0.95320001244544050        14.751718802390487      -0.71399258359225992     
  0.95397401243447322        15.572989400621424      -0.70225586746547297     
  0.95474801242350593        16.377566904840734      -0.68988990353528123     
  0.95552201241253865        17.164769317045543      -0.67690787741720904     
  0.95629601240157136        17.933933933956087      -0.66332349515931055     
  0.95707001239060407        18.684417850122113      -0.64915096811196393     
  0.95784401237963679        19.415598439359194      -0.63440499741662870     
  0.95861801236866950        20.126873814235026      -0.61910075813044874     
  0.95939201235770222        20.817663263348532      -0.60325388300379146     
  0.96016601234673493        21.487407666167339      -0.58688044592800348     
  0.96094001233576765        22.135569885211979      -0.56999694507083543     
  0.96171401232480036        22.761635135397828      -0.55262028571714550     
  0.96248801231383307        23.365111330368535      -0.53476776283262595     
  0.96326201230286579        23.945529405677302      -0.51645704336841947     
  0.96403601229189850        24.502443618694901      -0.49770614832459237     
  0.96481001228093122        25.035431825145778      -0.47853343459051856     
  0.96558401226996393        25.544095732195856      -0.45895757658029479     
  0.96635801225899665        26.028061128037891      -0.43899754768135874     
  0.96713201224802936        26.486978087942163      -0.41867260153451430     
  0.96790601223706207        26.920521156762195      -0.39800225316358584     
  0.96868001222609479        27.328389507906746      -0.37700625997292181     
  0.96945401221512750        27.710307078810803      -0.35570460263095188     
  0.97022801220416022        28.066022682959449      -0.33411746585796764     
  0.97100201219319293        28.395310098539412      -0.31226521913624727     
  0.97177601218222565        28.697968133813781      -0.29016839736057914     
  0.97255001217125836        28.973820669335776      -0.26784768144715670     
  0.97332401216029107        29.222716677137480      -0.24532387891871979     
  0.97409801214932379        29.444530217049291      -0.22261790448370525     
  0.97487201213835650        29.639160410325257      -0.19975076062704067     
  0.97564601212738922        29.806531390768541      -0.17674351823007270     
  0.97642001211642193        29.946592233570055      -0.15361729723696371     
  0.97719401210545465        30.059316862091642      -0.13039324738471814     
  0.97796801209448736        30.144703932843179      -0.10709252901381441     
  0.97874201208352007        30.202776698920601       -8.3736293976217943E-002
  0.97951601207255279        30.233582852189002       -6.0345666657337552E-002
  0.98029001206158550        30.237194344511760       -3.6941725128261410E-002
  0.98106401205061822        30.213707188342983       -1.3545482444368942E-002
  0.98183801203965093        30.163241237016479        9.8221318938363777E-003
  0.98261201202868365        30.085939945079872        3.3140290302092368E-002
  0.98338601201771636        29.981970109037551        5.6388285280636427E-002
  0.98416001200674907        29.851521588880608        7.9545547374338527E-002
  0.98493401199578179        29.694807010796016       0.10259166290998904     
  0.98570801198481450        29.512061451460831       0.12550639149633031     
  0.98648201197384722        29.303542104340355       0.14826968327273995     
  0.98725601196287993        29.069527928421696       0.17086169589280331     
  0.98803001195191265        28.810319279826295       0.19326281122935079     
  0.98880401194094536        28.526237526756564       0.21545365178788398     
  0.98957801192997807        28.217624648242797       0.23741509681567058     
  0.99035201191901079        27.884842817167133       0.25912829809415383     
  0.99112601190804350        27.528273968051252       0.28057469540269420     
  0.99190001189707622        27.148319350104117       0.30173603164204205     
  0.99267401188610893        26.745399066034903       0.32259436760632770     
  0.99344801187514165        26.319951597144779       0.34313209639274905     
  0.99422201186417436        25.872433315219062       0.36333195743853824     
  0.99499601185320707        25.403317981748618       0.38317705017519488     
  0.99577001184223979        24.913096235016251       0.40265084729038558     
  0.99654401183127250        24.402275065590040       0.42173720758832689     
  0.99731801182030522        23.871377280771391       0.44042038843988979     
  0.99809201180933793        23.320940958550768       0.45868505781409080     
  0.99886601179837065        22.751518891628717       0.47651630588306398     
  0.99964001178740336        22.163678022063955       0.49389965619304155     
   1.0004140117764362        21.557998867113945       0.51082107639430696     
   1.0011880117654690        20.935074936836351       0.52726698852352327     
   1.0019620117545018        20.295512144022421       0.54322427883228097     
   1.0027360117435347        19.639928207035339       0.55868030715615080     
   1.0035100117325675        18.968952046128020       0.57362291581897362     
   1.0042840117216003        18.283223173815919       0.58804043806756201     
   1.0050580117106331        17.583391079880805       0.60192170603243533     
   1.0058320116996660        16.870114611581464       0.61525605821065621     
   1.0066060116886988        16.144061349646712       0.62803334646728004     
   1.0073800116777316        15.405906980625124       0.64024394255237693     
   1.0081540116667644        14.656334666164263       0.65187874413102653     
   1.0089280116557973        13.896034409790261       0.66292918032413128     
   1.0097020116448301        13.125702421756065       0.67338721675833291     
   1.0104760116338629        12.346040482523692       0.68324536012375636     
   1.0112500116228957        11.557755305442424       0.69249666223874207     
   1.0120240116119286        10.761557899180957       0.70113472362115969     
   1.0127980116009614        9.9581629304672195       0.70915369656632821     
   1.0135720115899942        9.1482880876847457       0.71654828773199253     
   1.0143460115790270        8.3326534458693189       0.72331376023123095     
   1.0151200115680599        7.5119808336439382       0.72944593523458556     
   1.0158940115570927        6.6869932026241319       0.73494119308312245     
   1.0166680115461255        5.8584139998191649       0.73979647391453673     
   1.0174420115351583        5.0269665435478537       0.74400927780482407     
   1.0182160115241912        4.1933734033804555       0.74757766442843521     
   1.0189900115132240        3.3583557846105005       0.75050025224022732     
   1.0197640115022568        2.5226329177524418       0.75277621718290955     
   1.0205380114912896        1.6869214535526793       0.75440529092406194     
   1.0213120114803225       0.85193486399283536       0.75538775862718177     
   1.0220860114693553        1.8382849755150144E-002  0.75572445626157680     
   1.0228600114583881      -0.81302924538946308       0.75541676745628683     
   1.0236340114474209       -1.6416010128198057       0.75446661990356623     
   1.0244080114364538       -2.4666375494882660       0.75287648131780605     
   1.0251820114254866       -3.2874500200994490       0.75064935495611163     
   1.0259560114145194       -4.1033562106233372       0.74778877470708061     
   1.0267300114035522       -4.9136810727335281       0.74429879975464774     
   1.0275040113925851       -5.7177572587721190       0.74018400882417545     
   1.0282780113816179       -6.5149256468540706       0.73544949401827275     
   1.0290520113706507       -7.3045358557353666       0.73010085425012150     
   1.0298260113596835       -8.0859467490810104       0.72414418828237304     
   1.0306000113487164       -8.8585269287808064       0.71758608737995822     
   1.0313740113377492       -9.6216552169729717       0.71043362758541961     
   1.0321480113267820       -10.374721126447929       0.70269436162563315     
   1.0329220113158148       -11.117125319117076       0.69437631045903636     
   1.0336960113048477       -11.848280052243936       0.68548795447271882     
   1.0344700112938805       -12.567609612147862       0.67603822433895921     
   1.0352440112829133       -13.274550735103338       0.66603649154101385     
   1.0360180112719461       -13.968553015170942       0.65549255857816979     
   1.0367920112609790       -14.649079298709148       0.64441664886027583     
   1.0375660112500118       -15.315606065329339       0.63281939630215267     
   1.0383400112390446       -15.967623795069704       0.62071183462846313     
   1.0391140112280774       -16.604637321577076       0.60810538639979184     
   1.0398880112171103       -17.226166171099155       0.59501185177084093     
   1.0406620112061431       -17.831744887103039       0.58144339699179726     
   1.0414360111951759       -18.420923340349525       0.56741254266406249     
   1.0422100111842088       -18.993267024266125       0.55293215176166599     
   1.0429840111732416       -19.548357335475302       0.53801541742979464     
   1.0437580111622744       -20.085791839347984       0.52267585057198096     
   1.0445320111513072       -20.605184520465926       0.50692726723758663     
   1.0453060111403401       -21.106166017890033       0.49078377582130150     
   1.0460800111293729       -21.588383845145160       0.47425976408645454     
   1.0468540111184057       -22.051502594845449       0.45736988602399614     
   1.0476280111074385       -22.495204127897537       0.44012904855906509     
   1.0484020110964714       -22.919187747232332       0.42255239811709722     
   1.0491760110855042       -23.323170356029301       0.40465530706146463     
   1.0499500110745370       -23.706886600410339       0.38645336001465930     
   1.0507240110635698       -24.070088996593334       0.36796234007504480     
   1.0514980110526027       -24.412548042508547       0.34919821494120501     
   1.0522720110416355       -24.734052313893688       0.33017712295590990     
   1.0530460110306683       -25.034408544896330       0.31091535908170159     
   1.0538200110197011       -25.313441693224867       0.29142936082007709     
   1.0545940110087340       -25.570994989901610       0.27173569408620657     
   1.0553680109977668       -25.806929973683953       0.25185103905108153     
   1.0561420109867996       -26.021126510231621       0.23179217596292889     
   1.0569160109758324       -26.213482796109957       0.21157597095966499     
   1.0576900109648653       -26.383915347730994       0.19121936188408648     
   1.0584640109538981       -26.532358975345620       0.17073934411341415     
   1.0592380109429309       -26.658766742211515       0.15015295641471199     
   1.0600120109319637       -26.763109909072814       0.12947726683760369     
   1.0607860109209966       -26.845377864098271       0.10872935865559946     
   1.0615600109100294       -26.905578038435657        8.7926316367227642E-002
   1.0623340108990622       -26.943735807550460        6.7085211768039804E-002
   1.0631080108880950       -26.959894378527462        4.6223090104423999E-002
   1.0638820108771279       -26.954114663523683        2.5356956320018421E-002
   1.0646560108661607       -26.926475139571117        4.5037614053682617E-003
   1.0654300108551935       -26.877071694937239       -1.6319611138688898E-002
   1.0662040108442263       -26.806017462260598       -3.7096358713588386E-002
   1.0669780108332592       -26.713442638687891       -5.7809772901405376E-002
   1.0677520108222920       -26.599494293247723       -7.8443252599053062E-002
   1.0685260108113248       -26.464336161704836       -9.8980316998527079E-002
   1.0693000108003576       -26.308148429146819      -0.11940461840360306     
   1.0700740107893905       -26.131127500563341      -0.13969995487359235     
   1.0708480107784233       -25.933485759685691      -0.15985028268496537     
   1.0716220107674561       -25.715451316361790      -0.17983972860186193     
   1.0723960107564889       -25.477267742749035      -0.19965260194672391     
   1.0731700107455218       -25.219193798614207      -0.21927340646250681     
   1.0739440107345546       -24.941503146036176      -0.23868685195815301     
   1.0747180107235874       -24.644484053813510      -0.25787786572924093     
   1.0754920107126202       -24.328439091884967      -0.27683160374596083     
   1.0762660107016531       -23.993684816076609      -0.29553346160080801     
   1.0770400106906859       -23.640551443494616      -0.31396908520862921     
   1.0778140106797187       -23.269382518887920      -0.33212438125190752     
   1.0785880106687515       -22.880534572309646      -0.34998552736442323     
   1.0793620106577844       -22.474376768410675      -0.36753898204668467     
   1.0801360106468172       -22.051290547702930      -0.38477149430678248     
   1.0809100106358500       -21.611669260133752      -0.40167011302058403     
   1.0816840106248828       -21.155917791316309      -0.41822219600544996     
   1.0824580106139157       -20.684452181764254      -0.43441541880192314     
   1.0832320106029485       -20.197699239481683      -0.45023778315811108     
   1.0840060105919813       -19.696096146262203      -0.46567762521175526     
   1.0847800105810141       -19.180090058053135      -0.48072362336525654     
   1.0855540105700470       -18.650137699742949      -0.49536480584920067     
   1.0863280105590798       -18.106704954731722      -0.50959055797020736     
   1.0871020105481126       -17.550266449645857      -0.52339062903920408     
   1.0878760105371454       -16.981305134559367      -0.53675513897650728     
   1.0886500105261783       -16.400311859084901      -0.54967458459037233     
   1.0894240105152111       -15.807784944698152      -0.56213984552595708     
   1.0901980105042439       -15.204229753659593      -0.57414218988192434     
   1.0909720104932767       -14.590158254897336      -0.58567327949219017     
   1.0917460104823096       -13.966088587214642      -0.59672517487060672     
   1.0925200104713424       -13.332544620184919      -0.60729033981664926     
   1.0932940104603752       -12.690055513096159      -0.61736164568045804     
   1.0940680104494080       -12.039155272305571      -0.62693237528586421     
   1.0948420104384409       -11.380382307363677      -0.63599622651030951     
   1.0956160104274737       -10.714278986265414      -0.64454731552084488     
   1.0963900104165065       -10.041391190183791      -0.65258017966566984     
   1.0971640104055393       -9.3622678680393374      -0.66008978002095042     
   1.0979380103945722       -8.6774605912561036      -0.66707150359292267     
   1.0987120103836050       -7.9875231090521499      -0.67352116517556238     
   1.0994860103726378       -7.2930109046094316      -0.67943500886436747     
   1.1002600103616706       -6.5944807524647340      -0.68480970922706663     
   1.1010340103507035       -5.8924902774597578      -0.68964237213233037     
   1.1018080103397363       -5.1875975155847236      -0.69393053523782056     
   1.1025820103287691       -4.4803604770458643      -0.69767216813917254     
   1.1033560103178019       -3.7713367118829657      -0.70086567218175755     
   1.1041300103068348       -3.0610828784586959      -0.70350987993732350     
   1.1049040102958676       -2.3501543151367925      -0.70560405434786089     
   1.1056780102849004       -1.6391046154613536      -0.70714788753928204     
   1.1064520102739333      -0.92848520714439364      -0.70814149930774373     
   1.1072260102629661      -0.21884493516358772      -0.70858543528167695     
   1.1080000102519989       0.48927035073332614      -0.70848066476282157     
   1.1087740102410317        1.1953182038266474      -0.70782857824978795     
   1.1095480102300646        1.8987599832402866      -0.70663098464789342     
   1.1103220102190974        2.5990612514957694      -0.70489010816923769     
   1.1110960102081302        3.2956921665317744      -0.70260858492719613     
   1.1118700101971630        3.9881278679226284      -0.69978945922971747     
   1.1126440101861959        4.6758488570356382      -0.69643617957601811     
   1.1134180101752287        5.3583413708737595      -0.69255259436146188     
   1.1141920101642615        6.0350977493568569      -0.68814294729560943     
   1.1149660101532943        6.7056167958016992      -0.68321187253860838     
   1.1157400101423272        7.3694041303678475      -0.67776438956127971     
   1.1165140101313600        8.0259725362437422      -0.67180589773443233     
   1.1172880101203928        8.6748422983545463      -0.66534217065310941     
   1.1180620101094256        9.3155415343806656      -0.65837935020163751     
   1.1188360100984585        9.9476065178833259      -0.65092394036550938     
   1.1196100100874913        10.570581993341172      -0.64298280079628478     
   1.1203840100765241        11.184021482909458      -0.63456314013584547     
   1.1211580100655569        11.787487584721182      -0.62567250910647942     
   1.1219320100545898        12.380552262557288      -0.61631879337341000     
   1.1227060100436226        12.962797126720934      -0.60651020618651375     
   1.1234800100326554        13.533813705958794      -0.59625528080809631     
   1.1242540100216882        14.093203710280299      -0.58556286273371450     
   1.1250280100107211        14.640579284533825      -0.57444210171314491     
   1.1258020099997539        15.175563252606858      -0.56290244357870389     
   1.1265760099887867        15.697789352125337      -0.55095362188822650     
   1.1273500099778195        16.206902459535467      -0.53860564939010247     
   1.1281240099668524        16.702558805459518      -0.52586880931785607     
   1.1288980099558852        17.184426180225280      -0.51275364652183708     
   1.1296720099449180        17.652184129477035      -0.49927095844566527     
   1.1304460099339508        18.105524139784112      -0.48543178595513720     
   1.1312200099229837        18.544149814171291      -0.47124740402736781     
   1.1319940099120165        18.967777037503524      -0.45672931230799385     
   1.1327680099010493        19.376134131665545      -0.44188922554431537     
   1.1335420098900821        19.768962000485182      -0.42673906390229405     
   1.1343160098791150        20.146014264357223      -0.41129094317536463     
   1.1350900098681478        20.507057384532832      -0.39555716489304465     
   1.1358640098571806        20.851870777047541      -0.37955020633735281     
   1.1366380098462134        21.180246916268839      -0.36328271047506294     
   1.1374120098352463        21.491991428052337      -0.34676747581383349     
   1.1381860098242791        21.786923172503414      -0.33001744619025675     
   1.1389600098133119        22.064874316349037      -0.31304570049787211     
   1.1397340098023447        22.325690394932252      -0.29586544236318041     
   1.1405080097913776        22.569230363849542      -0.27848998977768430     
   1.1412820097804104        22.795366640258834      -0.26093276469396115     
   1.1420560097694432        23.003985133893533      -0.24320728259374930     
   1.1428300097584760        23.194985267825345      -0.22532714203600013     
   1.1436040097475089        23.368279989026060      -0.20730601419281081     
   1.1443780097365417        23.523795768785714      -0.18915763238111163     
   1.1451520097255745        23.661472593051695      -0.17089578159793486     
   1.1459260097146073        23.781263942760447      -0.15253428806703873     
   1.1467000097036402        23.883136764240316      -0.13408700880460236     
   1.1474740096926730        23.967071429770986      -0.11556782121164433     
   1.1482480096817058        24.033061688391598       -9.6990612700747728E-002
   1.1490220096707386        24.081114607056275       -7.8369270364602173E-002
   1.1497960096597715        24.111250502242221       -5.9717670693793121E-002
   1.1505700096488043        24.123502862121914       -4.1049669351185716E-002
   1.1513440096378371        24.117918259417099       -2.2379091010161195E-002
   1.1521180096268699        24.094556255058343       -3.7197192638707757E-003
   1.1528920096159028        24.053489292779865        1.4914713387426365E-002
   1.1536660096049356        23.994802584785113        3.3510535463976976E-002
   1.1544400095939684        23.918593988624188        5.2054146342242438E-002
   1.1552140095830012        23.824973875429723        7.0532025991956765E-002
   1.1559880095720341        23.714064989663150        8.8930744607903706E-002
   1.1567620095610669        23.586002300528428       0.10723697212990238     
   1.1575360095500997        23.440932845215396       0.12543748764461474     
   1.1583100095391325        23.279015564139726       0.14351918866291502     
   1.1590840095281654        23.100421128351140       0.16146910026669295     
   1.1598580095171982        22.905331759286145       0.17927438411909655     
   1.1606320095062310        22.693941041045861       0.19692234733235917     
   1.1614060094952638        22.466453725383730       0.21440045118749612     
   1.1621800094842967        22.223085529591966       0.23169631970030138     
   1.1629540094733295        21.964062927479397       0.24879774802822216     
   1.1637280094623623        21.689622933637114       0.26569271071283995     
   1.1645020094513951        21.400012881191817       0.28236936975283999     
   1.1652760094404280        21.095490193250093       0.29881608250250680     
   1.1660500094294608        20.776322148240073       0.31502140939094281     
   1.1668240094184936        20.442785639359833       0.33097412145736677     
   1.1675980094075264        20.095166928344810       0.34666320769801312     
   1.1683720093965593        19.733761393769061       0.36207788222031806     
   1.1691460093855921        19.358873274097704       0.37720759120024511     
   1.1699200093746249        18.970815405710162       0.39204201963877316     
   1.1706940093636578        18.569908956115921       0.40657109791373930     
   1.1714680093526906        18.156483152586436       0.42078500812340225     
   1.1722420093417234        17.730875006428608       0.43467419021826587     
   1.1730160093307562        17.293429033126781       0.44822934791787650     
   1.1737900093197891        16.844496968581630       0.46144145440948497     
   1.1745640093088219        16.384437481675555       0.47430175782564116     
   1.1753380092978547        15.913615883395162       0.48680178649796668     
   1.1761120092868875        15.432403832742379       0.49893335398453081     
   1.1768860092759204        14.941179039666379       0.51068856386843353     
   1.1776600092649532        14.440324965249030       0.52205981432538007     
   1.1784340092539860        13.930230519376943       0.53303980245821103     
   1.1792080092430188        13.411289756133353       0.54362152839653377     
   1.1799820092320517        12.883901567143100       0.55379829915977918     
   1.1807560092210845        12.348469373103786       0.56356373228219114     
   1.1815300092101173        11.805400813735892       0.57291175919843385     
   1.1823040091991501        11.255107436384121       0.58183662838868366     
   1.1830780091881830        10.698004383501599       0.59033290828225116     
   1.1838520091772158        10.134510079247731       0.59839548991895841     
   1.1846260091662486        9.5650459154295415       0.60601958936767364     
   1.1854000091552814        8.9900359370152270       0.61320074990158457     
   1.1861740091443143        8.4099065274472959       0.61993484392996667     
   1.1869480091333471        7.8250860939813043       0.62621807468637980     
   1.1877220091223799        7.2360047532745417       0.63204697767339879     
   1.1884960091114127        6.6430940174473347       0.63741842186415842     
   1.1892700091004456        6.0467864808377154       0.64232961066116445     
   1.1900440090894784        5.4475155076681974       0.64677808261299075     
   1.1908180090785112        4.8457149208412167       0.65076171188965448     
   1.1915920090675440        4.2418186920775076       0.65427870851762415     
   1.1923660090565769        3.6362606336092287       0.65732761837558318     
   1.1931400090456097        3.0294740916370952       0.65990732295223342     
   1.1939140090346425        2.4218916417580614       0.66201703886758345     
   1.1946880090236753        1.8139447865672780       0.66365631715932660     
   1.1954620090127082        1.2060636556351012       0.66482504233606887     
   1.1962360090017410       0.59867670805685425       0.66552343119932267     
   1.1970100089907738       -7.7895622301391576E-003  0.66575203143633177     
   1.1977840089798066      -0.61291091817102661       0.66551171998594505     
   1.1985580089688395       -1.2162656681715969       0.66480370117990062     
   1.1993320089578723       -1.8174349513458474       0.66362950466202808     
   1.2001060089469051       -2.4160030192522775       0.66199098308801607     
   1.2008800089359379       -3.0115575139419426       0.65989030960853212     
   1.2016540089249708       -3.6036897421451330       0.65732997513861691     
   1.2024280089140036       -4.1919949454274352       0.65431278541640647     
   1.2032020089030364       -4.7760725661499395       0.65084185785436777     
   1.2039760088920692       -5.3555265090724378       0.64692061818635593     
   1.2047500088811021       -5.9299653984426204       0.64255279691392853     
   1.2055240088701349       -6.4990028304185223       0.63774242555546845     
   1.2062980088591677       -7.0622576206757932       0.63249383270178605     
   1.2070720088482005       -7.6193540470557473       0.62681163988198363     
   1.2078460088372334       -8.1699220871146103       0.62070075724347429     
   1.2086200088262662       -8.7135976504389063       0.61416637905015470     
   1.2093940088152990       -9.2500228055964993       0.60721397900283369     
   1.2101680088043318       -9.7788460015974401       0.59984930538611736     
   1.2109420087933647       -10.299722283743481       0.59207837604604741     
   1.2117160087823975       -10.812313503749829       0.58390747320288128     
   1.2124900087714303       -11.316288524027511       0.57534313810349080     
   1.2132640087604631       -11.811323416019555       0.56639216551794058     
   1.2140380087494960       -12.297101652489033       0.55706159808488898     
   1.2148120087385288       -12.773314293661940       0.54735872051052958     
   1.2155860087275616       -13.239660167132772       0.53729105362586616     
   1.2163600087165944       -13.695846041445675       0.52686634830718349     
   1.2171340087056273       -14.141586793268949       0.51609257926463981     
   1.2179080086946601       -14.576605568085759       0.50497793870397112     
   1.2186820086836929       -15.000633934328844       0.49353082986635316     
   1.2194560086727257       -15.413412030892124       0.48175986045152253     
   1.2202300086617586       -15.814688707957044       0.46967383592930695     
   1.2210040086507914       -16.204221661076641       0.45728175274476163     
   1.2217780086398242       -16.581777558465241       0.44459279142215080     
   1.2225520086288570       -16.947132161446849       0.43161630957305197     
   1.2233260086178899       -17.300070438020239       0.41836183481389411     
   1.2241000086069227       -17.640386669503812       0.40483905759827260     
   1.2248740085959555       -17.967884550228334       0.39105782396940952     
   1.2256480085849883       -18.282377280250561       0.37702812823815107     
   1.2264220085740212       -18.583687651065876       0.36276010559191291     
   1.2271960085630540       -18.871648124302890       0.34826402463999878     
   1.2279700085520868       -19.146100903387978       0.33355027990072977     
   1.2287440085411196       -19.406897998172550       0.31862938423582809     
   1.2295180085301525       -19.653901282520803       0.30351196123750368     
   1.2302920085191853       -19.886982544860469       0.28820873757369181     
   1.2310660085082181       -20.106023531703912       0.27273053529688512     
   1.2318400084972509       -20.310915984151642       0.25708826412199731     
   1.2326140084862838       -20.501561667395091       0.24129291367868358     
   1.2333880084753166       -20.677872393240079       0.22535554574352845     
   1.2341620084643494       -20.839770035677095       0.20928728645749309     
   1.2349360084533823       -20.987186539529002       0.19309931853399245     
   1.2357100084424151       -21.120063922211369       0.17680287346294687     
   1.2364840084314479       -21.238354268645004       0.16040922371612404     
   1.2372580084204807       -21.342019719364711       0.14392967495905462     
   1.2380320084095136       -21.431032451872596       0.12737555827476935     
   1.2388060083985464       -21.505374655288509       0.11075822240456619     
   1.2395800083875792       -21.565038498354426        9.4089026010973964E-002
   1.2403540083766120       -21.610026090853658        7.7379329968032928E-002
   1.2411280083656449       -21.640349438509919        6.0640489683964682E-002
   1.2419020083546777       -21.656030391435127        4.3883847461251291E-002
   1.2426760083437105       -21.657100586198858        2.7120724899089108E-002
   1.2434500083327433       -21.643601381596106        1.0362415343124654E-002
   1.2442240083217762       -21.615583788193778       -6.3798236126808398E-003
   1.2449980083108090       -21.573108391740043       -2.3094777567275213E-002
   1.2457720082998418       -21.516245270524163       -3.9771282692111123E-002
   1.2465460082888746       -21.445073906778031       -5.6398233044466409E-002
   1.2473200082779075       -21.359683092213935       -7.2964587809913758E-002
   1.2480940082669403       -21.260170827796482       -8.9459378469438827E-002
   1.2488680082559731       -21.146644217849804      -0.10587171588678296     
   1.2496420082450059       -21.019219358604268      -0.12219079731166613     
   1.2504160082340388       -20.878021221290044      -0.13840591329462767     
   1.2511900082230716       -20.723183529887738      -0.15450645450930650     
   1.2519640082121044       -20.554848633649229      -0.17048191847806904     
   1.2527380082011372       -20.373167374504543      -0.18632191619698155     
   1.2535120081901701       -20.178298949473316      -0.20201617865621452     
   1.2542860081792029       -19.970410768201880      -0.21755456325205916     
   1.2550600081682357       -19.749678305749573      -0.23292706008683112     
   1.2558340081572685       -19.516284950750105      -0.24812379815303265     
   1.2566080081463014       -19.270421849076197      -0.26313505139824311     
   1.2573820081353342       -19.012287743137758      -0.27795124466730775     
   1.2581560081243670       -18.742088806945997      -0.29256295951849592     
   1.2589300081133998       -18.460038477077774      -0.30696093991040363     
   1.2597040081024327       -18.166357279676358      -0.32113609775647989     
   1.2604780080914655       -17.861272653626482      -0.33507951834416194     
   1.2612520080804983       -17.545018770043249      -0.34878246561571252     
   1.2620260080695311       -17.217836348215972      -0.36223638730796043     
   1.2628000080585640       -16.879972468149425      -0.37543291994825567     
   1.2635740080475968       -16.531680379846360      -0.38836389370406094     
   1.2643480080366296       -16.173219309476316      -0.40102133708371335     
   1.2651220080256624       -15.804854262576871      -0.41339748148600314     
   1.2658960080146953       -15.426855824434542      -0.42548476559632903     
   1.2666700080037281       -15.039499957793348      -0.43727583962730454     
   1.2674440079927609       -14.643067798039947      -0.44876356940180462     
   1.2682180079817937       -14.237845446014894      -0.45994104027655730     
   1.2689920079708266       -13.824123758600171      -0.47080156090450082     
   1.2697660079598594       -13.402198137233642      -0.48133866683424370     
   1.2705400079488922       -12.972368314501454      -0.49154612394508118     
   1.2713140079379250       -12.534938138959705      -0.50141793171613924     
   1.2720880079269579       -12.090215358336852      -0.51094832632833442     
   1.2728620079159907       -11.638511401268456      -0.52013178359795387     
   1.2736360079050235       -11.180141157715786      -0.52896302174077980     
   1.2744100078940563       -10.715422758219750      -0.53743700396579686     
   1.2751840078830892       -10.244677352141336      -0.54554894089764039     
   1.2759580078721220       -9.7682288850394823      -0.55329429282705911     
   1.2767320078611548       -9.2864038753368554      -0.56066877178878305     
   1.2775060078501876       -8.7995311904235258      -0.56766834346630357     
   1.2782800078392205       -8.3079418223478942      -0.57428922892318834     
   1.2790540078282533       -7.8119686632435874      -0.58052790616066929     
   1.2798280078172861       -7.3119462806401829      -0.58638111150135674     
   1.2806020078063189       -6.8082106928047992      -0.59184584079904601     
   1.2813760077953518       -6.3010991442605899      -0.59691935047469813     
   1.2821500077843846       -5.7909498816271396      -0.60159915837878664     
   1.2829240077734174       -5.2781019299266019      -0.60588304448031616     
   1.2836980077624502       -4.7628948694982016      -0.60976905138292792     
   1.2844720077514831       -4.2456686136624100      -0.61325548466861834     
   1.2852460077405159       -3.7267631872747016      -0.61634091306970529     
   1.2860200077295487       -3.2065185063073236      -0.61902416846978325     
   1.2867940077185815       -2.6852741585959654      -0.62130434573451720     
   1.2875680077076144       -2.1633691858865678      -0.62318080237322893     
   1.2883420076966472       -1.6411418673158127      -0.62465315803233379     
   1.2891160076856800       -1.1189295044570455      -0.62572129382178887     
   1.2898900076747128      -0.59706820806152860      -0.62638535147581398     
   1.2906640076637457       -7.5892686622997529E-002 -0.62664573234924847     
   1.2914380076527785       0.44426396310850502      -0.62650309625100320     
   1.2922120076418113       0.96307046353960535      -0.62595836011616401     
   1.2929860076308441        1.4801975614515990      -0.62501269651840008     
   1.2937600076198770        1.9953182309038830      -0.62366753202442093     
   1.2945340076089098        2.5081078737054807      -0.62192454539232034     
   1.2953080075979426        3.0182445173396300      -0.61978566561573323     
   1.2960820075869754        3.5254090102287785      -0.61725306981582151     
   1.2968560075760083        4.0292852142297564      -0.61432918098318912     
   1.2976300075650411        4.5295601942513697      -0.61101666557191281     
   1.2984040075540739        5.0259244048891976      -0.60731843094795668     
   1.2991780075431067        5.5180718739749519      -0.60323762269431880     
   1.2999520075321396        6.0057003829403843      -0.59877762177533700     
   1.3007260075211724        6.4885116438984065      -0.59394204156265729     
   1.3015000075102052        6.9662114733467986      -0.58873472472544253     
   1.3022740074992381        7.4385099624026436      -0.58315973998747117     
   1.3030480074882709        7.9051216434784211      -0.57722137875384605     
   1.3038220074773037        8.3657656533135327      -0.57092415161010079     
   1.3045960074663365        8.8201658922778918      -0.56427278469655728     
   1.3053700074553694        9.2680511798671308      -0.55727221596085097     
   1.3061440074444022        9.7091554063118863      -0.54992759129160163     
   1.3069180074334350        10.143217680226611      -0.54224426053626684     
   1.3076920074224678        10.569982472226338      -0.53422777340627070     
   1.3084660074115007        10.989199754442831      -0.52588387527255620     
   1.3092400074005335        11.400625135874606      -0.51721850285476045     
   1.3100140073895663        11.804019993508346      -0.50823777980726059     
   1.3107880073785991        12.199151599152332      -0.49894801220538865     
   1.3115620073676320        12.585793241925559      -0.48935568393515411     
   1.3123360073566648        12.963724346349379      -0.47946745198985885     
   1.3131100073456976        13.332730585991543      -0.46929014167702715     
   1.3138840073347304        13.692603992615734      -0.45883074173911170     
   1.3146580073237633        14.043143060792719      -0.44809639939147133     
   1.3154320073127961        14.384152847932494      -0.43709441528114951     
   1.3162060073018289        14.715445069699829      -0.42583223837001205     
   1.3169800072908617        15.036838190778862      -0.41431746074583109     
   1.3177540072798946        15.348157510955474      -0.40255781236492744     
   1.3185280072689274        15.649235246489344      -0.39056115573000622     
   1.3193020072579602        15.939910606750722      -0.37833548050684168     
   1.3200760072469930        16.220029866100084      -0.36588889808348474     
   1.3208500072360259        16.489446430991954      -0.35322963607568292     
   1.3216240072250587        16.748020902287305      -0.34036603278221539     
   1.3223980072140915        16.995621132762057      -0.32730653159385631     
   1.3231720072031243        17.232122279802233      -0.31405967535968915     
   1.3239460071921572        17.457406853279490      -0.30063410071449970     
   1.3247200071811900        17.671364758603712      -0.28703853237097976     
   1.3254940071702228        17.873893334952442      -0.27328177738047499     
   1.3262680071592556        18.064897388679935      -0.25937271936600853     
   1.3270420071482885        18.244289221911590      -0.24532031273131016     
   1.3278160071373213        18.411988656332525      -0.23113357684957372     
   1.3285900071263541        18.567923052181936      -0.21682159023565831     
   1.3293640071153869        18.712027322467879      -0.20239348470543866     
   1.3301380071044198        18.844243942419933      -0.18785843952599751     
   1.3309120070934526        18.964522954200099      -0.17322567556033791     
   1.3316860070824854        19.072821966895070      -0.15850444941027711     
   1.3324600070715182        19.169106151815853      -0.14370404756116423     
   1.3332340070605511        19.253348233133419      -0.12883378053204286     
   1.3340080070495839        19.325528473881810      -0.11390297703485666     
   1.3347820070386167        19.385634657362818       -9.8920978146270336E-002
   1.3355560070276495        19.433662063988930       -8.3897131495651325E-002
   1.3363300070166824        19.469613443603912       -6.8840785472727761E-002
   1.3371040070057152        19.493498983322898       -5.3761283458407090E-002
   1.3378780069947480        19.505336270936404       -3.8667958082206091E-002
   1.3386520069837808        19.505150253925112       -2.3570125509707988E-002
   1.3394260069728137        19.492973194134720       -8.4770797634248947E-003
   1.3402000069618465        19.468844618162539        6.6019129195951012E-003
   1.3409740069508793        19.432811263509805        2.1657619690117862E-002
   1.3417480069399121        19.384927020555988        3.6680846645774416E-002
   1.3425220069289450        19.325252870413561        5.1662444343602197E-002
   1.3432960069179778        19.253856818723943        6.6593313262911125E-002
   1.3440700069070106        19.170813825457369        8.1464409215357150E-002
   1.3448440068960434        19.076205730781556        9.6266748699155247E-002
   1.3456180068850763        18.970121177066051       0.11099141419441494     
   1.3463920068741091        18.852655527091095       0.12562955939663378     
   1.3471660068631419        18.723910778531724       0.14017241438543848     
   1.3479400068521747        18.583995474789731       0.15461129072571844     
   1.3487140068412076        18.433024612247852       0.16893758649835400     
   1.3494880068302404        18.271119544022284       0.18314279125779909     
   1.3502620068192732        18.098407880291351       0.19721849091383842     
   1.3510360068083060        17.915023385279714       0.21115637253489947     
   1.3518100067973389        17.721105870979073       0.22494822907036202     
   1.3525840067863717        17.516801087687863       0.23858596398937118     
   1.3533580067754045        17.302260611453786       0.25206159583372389     
   1.3541320067644373        17.077641728504524       0.26536726268246519     
   1.3549060067534702        16.843107316753144       0.27849522652589553     
   1.3556800067425030        16.598825724466103       0.29143787754676032     
   1.3564540067315358        16.344970646182830       0.30418773830645823     
   1.3572280067205686        16.081720995977079       0.31673746783417733     
   1.3580020067096015        15.809260778151257       0.32907986561693586     
   1.3587760066986343        15.527778955455972       0.34120787548857667     
   1.3595500066876671        15.237469314927944       0.35311458941583596     
   1.3603240066766999        14.938530331440351       0.36479325117967915     
   1.3610980066657328        14.631165029060444       0.37623725995017004     
   1.3618720066547656        14.315580840310062       0.38744017375321299     
   1.3626460066437984        13.991989463425336       0.39839571282758196     
   1.3634200066328312        13.660606717712504       0.40909776287072591     
   1.3641940066218641        13.321652397097338       0.41954037817191386     
   1.3649680066108969        12.975350121966148       0.42971778463135990     
   1.3657420065999297        12.621927189396812       0.43962438266404369     
   1.3665160065889626        12.261614421878615       0.44925474998701853     
   1.3672900065779954        11.894646014620017       0.45860364428907574     
   1.3680640065670282        11.521259381543713       0.46766600578171075     
   1.3688380065560610        11.141695000068538       0.47643695963041360     
   1.3696120065450939        10.756196254777903       0.48491181826538315     
   1.3703860065341267        10.365009280074505       0.49308608357084205     
   1.3711600065231595        9.9683828019210754       0.50095544895220612     
   1.3719340065121923        9.5665679787668676       0.50851580128043961     
   1.3727080065012252        9.1598182417594778       0.51576322271300490     
   1.3734820064902580        8.7483891343414211       0.52269399239089109     
   1.3742560064792908        8.3325381513306507       0.52930458801128444     
   1.3750300064683236        7.9125245775839286       0.53559168727551965     
   1.3758040064573565        7.4886093263416109       0.54155216921202654     
   1.3765780064463893        7.0610547773519947       0.54718311537406394     
   1.3773520064354221        6.6301246148729396       0.55248181091210868     
   1.3781260064244549        6.1960836656479454       0.55744574552084081     
   1.3789000064134878        5.7591977369533085       0.56207261426074417     
   1.3796740064025206        5.3197334548123614       0.56636031825441402     
   1.3804480063915534        4.8779581024721121       0.57030696525773739     
   1.3812220063805862        4.4341394592368939       0.57391087010618702     
   1.3819960063696191        3.9885456397528376       0.57717055503654069     
   1.3827700063586519        3.5414449338361669       0.58008474988441117     
   1.3835440063476847        3.0931056469374272       0.58265239215804343     
   1.3843180063367175        2.6437959413328369       0.58487262698890730     
   1.3850920063257504        2.1937836781329736       0.58674480695968179     
   1.3858660063147832        1.7433362601979856       0.58826849181030016     
   1.3866400063038160        1.2927204760474522       0.58944344802279003     
   1.3874140062928488       0.84220234485189738       0.59026964828571293     
   1.3881880062818817       0.39204696259181321       0.59074727083907375     
   1.3889620062709145       -5.7481650531160611E-002  0.59087669870063619     
   1.3897360062599473      -0.50612070134749143       0.59065851877464648     
   1.3905100062489801      -0.95360877355531937       0.59009352084402966     
   1.3912840062380130       -1.3996859760575324       0.58918269644718868     
   1.3920580062270458       -1.8440940897209170       0.58792723764059573     
   1.3928320062160786       -2.2865767124793428       0.58632853564842791     
   1.3936060062051114       -2.7268794027043852       0.58438817940055876     
   1.3943800061941443       -3.1647498207682587       0.58210795396027581     
   1.3951540061831771       -3.5999378687254397       0.57948983884315142     
   1.3959280061722099       -4.0321958280409040       0.57653600622855183     
   1.3967020061612427       -4.4612784952944677       0.57324881906532288     
   1.3974760061502756       -4.8869433157923403       0.56963082907324658     
   1.3982500061393084       -5.3089505150186058       0.56568477464191358     
   1.3990240061283412       -5.7270632278610467       0.56141357862870955     
   1.3997980061173740       -6.1410476255473805       0.55682034605766262     
   1.4005720061064069       -6.5506730402297153       0.55190836172094870     
   1.4013460060954397       -6.9557120871567717       0.54668108768489765     
   1.4021200060844725       -7.3559407843751696       0.54114216070239096     
   1.4028940060735053       -7.7511386699028924       0.53529538953358557     
   1.4036680060625382       -8.1410889163198163       0.52914475217694079     
   1.4044420060515710       -8.5255784427220576       0.52269439301256948     
   1.4052160060406038       -8.9043980239887137       0.51594861985997365     
   1.4059900060296366       -9.2773423973114504       0.50891190095226313     
   1.4067640060186695       -9.6442103659392870       0.50158886182899542     
   1.4075380060077023       -10.004804900092788       0.49398428214980955     
   1.4083120059967351       -10.358933235003835       0.48610309243106198     
   1.4090860059857679       -10.706406966039044       0.47795037070770574     
   1.4098600059748008       -11.047042140866834       0.46953133912268569     
   1.4106340059638336       -11.380659348630122       0.46085136044615271     
   1.4114080059528664       -11.707083806088558       0.45191593452682899     
   1.4121820059418992       -12.026145440696183       0.44273069467788279     
   1.4129560059309321       -12.337678970582378       0.43330140399969780     
   1.4137300059199649       -12.641523981405923       0.42363395164194545     
   1.4145040059089977       -12.937525000054025       0.41373434900739109     
   1.4152780058980305       -13.225531565160074       0.40360872589988711     
   1.4160520058870634       -13.505398294415963       0.39326332661902397     
   1.4168260058760962       -13.776984948656750       0.38270450600392941     
   1.4176000058651290       -14.040156492697429       0.37193872542872175     
   1.4183740058541618       -14.294783152903587       0.36097254875213858     
   1.4191480058431947       -14.540740471479701       0.34981263822387459     
   1.4199220058322275       -14.777909357460802       0.33846575035017590     
   1.4206960058212603       -15.006176134395229       0.32693873172124599     
   1.4214700058102931       -15.225432584708162       0.31523851480302950     
   1.4222440057993260       -15.435575990737576       0.30337211369594586     
   1.4230180057883588       -15.636509172436229       0.29134661986315097     
   1.4237920057773916       -15.828140521735259       0.27916919783090932     
   1.4245660057664244       -16.010384033566861       0.26684708086366149     
   1.4253400057554573       -16.183159333545497       0.25438756661637318     
   1.4261140057444901       -16.346391702308964       0.24179801276675195     
   1.4268880057335229       -16.500012096522564       0.22908583262991555     
   1.4276620057225557       -16.643957166551523       0.21625849075809273     
   1.4284360057115886       -16.778169270808636       0.20332349852793286     
   1.4292100057006214       -16.902596486786038       0.19028840971799435     
   1.4299840056896542       -17.017192618781777       0.17716081607897438     
   1.4307580056786871       -17.121917202333719       0.16394834289923321     
   1.4315320056677199       -17.216735505375119       0.15065864456815664     
   1.4323060056567527       -17.301618526127971       0.13729940013988731     
   1.4330800056457855       -17.376542987751996       0.12387830889994358     
   1.4338540056348184       -17.441491329768922       0.11040308593722931     
   1.4346280056238512       -17.496451696283348        9.6881457723922232E-002
   1.4354020056128840       -17.541417921023239        8.3321157705712010E-002
   1.4361760056019168       -17.576389509224786        6.9729921904839579E-002
   1.4369500055909497       -17.601371616387929        5.6115484538370550E-002
   1.4377240055799825       -17.616375023930573        4.2485573654113824E-002
   1.4384980055690153       -17.621416111771001        2.8847906786574649E-002
   1.4392720055580481       -17.616516827869695        1.5210186635307626E-002
   1.4400460055470810       -17.601704654763186        1.5800967680105835E-003
   1.4408200055361138       -17.577012573124147       -1.2034702649325640E-002
   1.4415940055251466       -17.542479022383407       -2.5626579092923547E-002
   1.4423680055141794       -17.498147858451009       -3.9187931890121659E-002
   1.4431420055032123       -17.444068308574860       -5.2711196394443015E-002
   1.4439160054922451       -17.380294923376930       -6.6188848124629329E-002
   1.4446900054812779       -17.306887526108309       -7.9613406865472233E-002
   1.4454640054703107       -17.223911159165738       -9.2977440728305188E-002
   1.4462380054593436       -17.131436027913576      -0.10627357016905371     
   1.4470120054483764       -17.029537441856380      -0.11949447196177537     
   1.4477860054374092       -16.918295753208540      -0.13263288312565708     
   1.4485600054264420       -16.797796292908590      -0.14568160480347320     
   1.4493340054154749       -16.668129304126985      -0.15863350608954566     
   1.4501080054045077       -16.529389873317260      -0.17148152780528486     
   1.4508820053935405       -16.381677858861572      -0.18421868622043019     
   1.4516560053825733       -16.225097817362716      -0.19683807671814774     
   1.4524300053716062       -16.059758927635656      -0.20933287740218440     
   1.4532040053606390       -15.885774912452701      -0.22169635264431853     
   1.4539780053496718       -15.703263958097297      -0.23392185657038983     
   1.4547520053387046       -15.512348631782384      -0.24600283648323362     
   1.4555260053277375       -15.313155796990140      -0.25793283622088897     
   1.4563000053167703       -15.105816526790731      -0.26970549944849387     
   1.4570740053058031       -14.890466015198523      -0.28131457288232581     
   1.4578480052948359       -14.667243486624971      -0.29275390944449170     
   1.4586220052838688       -14.436292103488084      -0.30401747134681684     
   1.4593960052729016       -14.197758872039127      -0.31509933310253002     
   1.4601700052619344       -13.951794546467795      -0.32599368446438826     
   1.4609440052509672       -13.698553531347731      -0.33669483328793226     
   1.4617180052400001       -13.438193782484861      -0.34719720831861317     
   1.4624920052290329       -13.170876706231512      -0.35749536190157760     
   1.4632660052180657       -12.896767057329782      -0.36758397261294878     
   1.4640400052070985       -12.616032835348113      -0.37745784781148972     
   1.4648140051961314       -12.328845179775406      -0.38711192610958484     
   1.4655880051851642       -12.035378263837417      -0.39654127976252546     
   1.4663620051741970       -11.735809187100509      -0.40574111697513604     
   1.4671360051632298       -11.430317866928137      -0.41470678412482720     
   1.4679100051522627       -11.119086928855710      -0.42343376790021331     
   1.4686840051412955       -10.802301595949702      -0.43191769735448310     
   1.4694580051303283       -10.480149577217084      -0.44015434587276203     
   1.4702320051193611       -10.152820955131272      -0.44813963305275772     
   1.4710060051083940       -9.8205080723409495      -0.45586962649802981     
   1.4717800050974268       -9.4834054176281484      -0.46334054352327758     
   1.4725540050864596       -9.1417095111820430      -0.47054875277109026     
   1.4733280050754924       -8.7956187892549167      -0.47749077573965554     
   1.4741020050645253       -8.4453334882667157      -0.48416328822097432     
   1.4748760050535581       -8.0910555284245422      -0.49056312164918037     
   1.4756500050425909       -7.7329883969233171      -0.49668726435861510     
   1.4764240050316237       -7.3713370307937458      -0.50253286275135889     
   1.4771980050206566       -7.0063076994634876      -0.50809722237397170     
   1.4779720050096894       -6.6381078870972559      -0.51337780890324569     
   1.4787460049987222       -6.2669461747813200      -0.51837224904082535     
   1.4795200049877550       -5.8930321226175959      -0.52307833131659864     
   1.4802940049767879       -5.5165761517921972      -0.52749400680081560     
   1.4810680049658207       -5.1377894266829847      -0.53161738972493822     
   1.4818420049548535       -4.7568837370702424      -0.53544675801127750     
   1.4826160049438863       -4.3740713805142324      -0.53898055371152287     
   1.4833900049329192       -3.9895650449628968      -0.54221738335431535     
   1.4841640049219520       -3.6035776916525251      -0.54515601820207005     
   1.4849380049109848       -3.2163224383636813      -0.54779539441729597     
   1.4857120049000176       -2.8280124430941527      -0.55013461313871403     
   1.4864860048890505       -2.4388607882101061      -0.55217294046751886     
   1.4872600048780833       -2.0490803651360414      -0.55390980736417816     
   1.4880340048671161       -1.6588837596434995      -0.55534480945621012     
   1.4888080048561489       -1.2684831377978303      -0.55647770675742525     
   1.4895820048451818      -0.87809013262162927      -0.55730842329916419     
   1.4903560048342146      -0.48791573153274997      -0.55783704667410938     
   1.4911300048232474       -9.8170164614047872E-002 -0.55806382749329209     
   1.4919040048122802       0.29093720622874908      -0.55798917875695997     
   1.4926780048013131       0.67919799716544427      -0.55761367514001470     
   1.4934520047903459        1.0664049113412686      -0.55693805219277115     
   1.4942260047793787        1.4523518467243308      -0.55596320545783184     
   1.4950000047684116        1.8368340028475512      -0.55469018950391191     
 omega is  -30.000000000000000     
